
            [38;2;30;150;72;49m▄[38;2;30;150;72;48;2;28;216;94m▄[38;2;28;216;94;49m▄[49m    [m
            [49m [49;38;2;13;101;36m▀[38;2;191;143;111;48;2;30;150;72m▄[49m [38;2;13;101;36;48;2;30;150;72m▄[38;2;30;150;72;48;2;28;216;94m▄[38;2;28;216;94;49m▄[m
            [49m  [38;2;151;107;75;48;2;191;143;111m▄[38;2;120;85;60;48;2;151;107;75m▄[49;38;2;13;101;36m▀[49m  [m
            [49m  [38;2;120;85;60;48;2;151;107;75m▄[49m    [m
            [38;2;28;216;94;49m▄[38;2;30;150;72;48;2;28;216;94m▄[38;2;86;62;44;48;2;120;85;60m▄[38;2;120;85;60;48;2;191;143;111m▄[49m   [m
            [49;38;2;30;150;72m▀[49;38;2;13;101;36m▀[49m [38;2;151;107;75;48;2;120;85;60m▄[49m   [m
            [49m  [38;2;120;85;60;49m▄[48;2;120;85;60m [49m   [m
            [49m [38;2;86;62;44;49m▄[38;2;86;62;44;48;2;120;85;60m▄[48;2;86;62;44m [38;2;120;85;60;48;2;151;107;75m▄[49m  [m

     [49;38;2;30;150;72mtModLoader Setup Tool[m
  [49;38;2;30;150;72mversion [49;38;2;13;101;36m1.0.0.0 [49;38;2;30;150;72mby [49;38;2;13;101;36mpollen00[m
