      [49m   [38;2;109;112;112;49m▄[38;2;162;167;163;49m▄[49m [38;2;109;112;112;49m▄[38;2;162;167;163;49m▄▄[48;2;162;167;163m  [38;2;162;167;163;49m▄▄[38;2;109;112;112;49m▄[49m [38;2;162;167;163;49m▄[38;2;109;112;112;49m▄[49m   [m
      [49m   [48;2;162;167;163m   [38;2;109;112;112;48;2;162;167;163m▄[49;38;2;162;167;163m▀[49;38;2;109;112;112m▀[38;2;151;191;92;48;2;109;112;112m▄[38;2;120;149;80;48;2;109;112;112m▄[49;38;2;109;112;112m▀[49;38;2;162;167;163m▀[38;2;109;112;112;48;2;162;167;163m▄[48;2;162;167;163m   [49m   [m
      [49m  [38;2;162;167;163;49m▄[48;2;162;167;163m [49;38;2;109;112;112m▀[49m  [38;2;151;191;92;48;2;120;149;80m▄[48;2;151;191;92m    [38;2;151;191;92;49m▄[49m  [49;38;2;109;112;112m▀[48;2;162;167;163m [38;2;162;167;163;49m▄[49m  [m
      [48;2;162;167;163m   [49;38;2;109;112;112m▀[49m   [38;2;120;149;80;48;2;151;191;92m▄[48;2;151;191;92m    [38;2;120;149;80;48;2;151;191;92m▄[49m   [49;38;2;109;112;112m▀[48;2;162;167;163m   [m
      [49;38;2;109;112;112m▀[48;2;162;167;163m [48;2;109;112;112m [49m     [49;38;2;120;149;80m▀[38;2;114;86;73;48;2;146;101;68m▄[48;2;146;101;68m [49;38;2;120;149;80m▀[49m     [48;2;109;112;112m [48;2;162;167;163m [49m [m
      [38;2;109;112;112;49m▄[48;2;162;167;163m [38;2;162;167;163;48;2;109;112;112m▄[49m    [38;2;120;149;80;48;2;151;191;92m▄[38;2;170;117;72;49m▄[48;2;114;86;73m [48;2;170;117;72m [49m      [38;2;162;167;163;48;2;109;112;112m▄[48;2;162;167;163m [38;2;109;112;112;49m▄[m
      [38;2;109;112;112;48;2;162;167;163m▄▄[48;2;162;167;163m [38;2;109;112;112;49m▄[49m     [48;2;114;86;73m [48;2;170;117;72m [38;2;114;86;73;49m▄[38;2;120;149;80;48;2;151;191;92m▄[49m   [38;2;109;112;112;49m▄[48;2;162;167;163m [38;2;109;112;112;48;2;162;167;163m▄▄[m
      [49m  [49;38;2;109;112;112m▀[48;2;162;167;163m [38;2;162;167;163;49m▄[49m   [38;2;114;86;73;49m▄[48;2;114;86;73m [48;2;170;117;72m [38;2;114;86;73;49m▄[49m   [48;2;162;167;163m  [49;38;2;109;112;112m▀[49m  [m
      [49m   [38;2;162;167;163;48;2;109;112;112m▄[48;2;162;167;163m  [38;2;162;167;163;48;2;109;112;112m▄[38;2;162;167;163;49m▄▄▄▄▄▄[38;2;162;167;163;48;2;109;112;112m▄[48;2;162;167;163m  [38;2;162;167;163;48;2;109;112;112m▄[49m   [m
      [49m   [49;38;2;109;112;112m▀[49;38;2;162;167;163m▀[49m [49;38;2;109;112;112m▀▀▀[38;2;109;112;112;48;2;162;167;163m▄▄[49;38;2;109;112;112m▀▀▀[49m [49;38;2;162;167;163m▀[49;38;2;109;112;112m▀[49m   [m

         [49;38;2;151;191;92mtML Setup Tool[m
  [49;38;2;151;191;92mversion [49;38;2;120;149;80m1.0.0.0 [49;38;2;151;191;92mby [49;38;2;120;149;80mpollen00[m
